 Mass  Metallicity IRV 13C_Pocket          C12           C13           C14
 1.30     0.000020  00   STANDARD 2.54E-03 3.34E-04 3.81E-08
 1.30     0.000050  00   STANDARD 4.75E-03 7.18E-07 3.21E-09
 1.30     0.000100  00   STANDARD 3.03E-03 5.84E-07 2.57E-09
 1.30     0.000300  00   STANDARD 2.68E-03 7.55E-07 6.91E-11
 1.30     0.001000  00   STANDARD 2.12E-03 1.94E-06 3.14E-11
 1.30     0.002000  00   STANDARD 1.95E-03 4.07E-06 1.14E-09
 1.30     0.003000  00   STANDARD 1.01E-03 5.83E-06 1.60E-11
 1.30     0.006000  00   STANDARD 5.16E-04 1.21E-05 1.28E-11
 1.30     0.008000  00   STANDARD -8.16E-05 1.62E-05 4.03E-12
 1.30     0.010000  00   STANDARD -2.16E-04 2.06E-05 2.03E-12
 1.30     0.014000  00   STANDARD -4.43E-04 3.01E-05 0.00E+00
 1.30     0.020000  00   STANDARD -5.91E-04 4.24E-05 0.00E+00
 1.50     0.000020  00   STANDARD 4.73E-03 4.07E-04 1.26E-08
 1.50     0.000050  00   STANDARD 9.41E-03 7.58E-07 4.49E-09
 1.50     0.000100  00   STANDARD 8.25E-03 5.67E-07 3.73E-09
 1.50     0.000300  00   STANDARD 6.04E-03 9.84E-07 2.40E-10
 1.50     0.001000  00   STANDARD 4.90E-03 2.34E-06 1.57E-10
 1.50     0.002000  00   STANDARD 4.66E-03 5.05E-06 1.32E-09
 1.50     0.003000  00   STANDARD 3.17E-03 7.15E-06 5.52E-11
 1.50     0.006000  00   STANDARD 2.78E-03 1.49E-05 4.80E-11
 1.50     0.008000  00   STANDARD 1.63E-03 2.08E-05 3.03E-11
 1.50     0.010000  00   STANDARD 1.64E-03 2.65E-05 2.65E-11
 1.50     0.014000  00   STANDARD 1.07E-03 3.64E-05 2.76E-11
 1.50     0.020000  00   STANDARD 5.30E-04 5.38E-05 2.50E-11
 2.00     0.000020  00   STANDARD 7.73E-03 6.26E-07 6.35E-09
 2.00     0.000050  00   STANDARD 1.64E-02 1.40E-06 1.63E-08
 2.00     0.000100  00   STANDARD 1.52E-02 6.77E-07 1.03E-08
 2.00     0.000300  00   STANDARD 1.30E-02 1.23E-06 1.73E-09
 2.00     0.001000  00   STANDARD 1.21E-02 3.21E-06 9.03E-10
 2.00     0.002000  00   STANDARD 1.22E-02 6.94E-06 2.84E-09
 2.00     0.003000  00   STANDARD 1.02E-02 9.96E-06 3.10E-10
 2.00     0.006000  00   STANDARD 8.84E-03 2.09E-05 2.45E-10
 2.00     0.008000  00   STANDARD 6.93E-03 2.85E-05 1.78E-10
 2.00     0.010000  00   STANDARD 7.15E-03 3.62E-05 1.66E-10
 2.00     0.014000  00   STANDARD 5.19E-03 5.12E-05 1.24E-10
 2.00     0.020000  00   STANDARD 4.93E-03 7.60E-05 3.38E-09
 2.50     0.000100  00   STANDARD 1.42E-02 6.54E-06 2.58E-08
 2.50     0.000300  00   STANDARD 9.94E-03 1.60E-06 1.86E-09
 2.50     0.001000  00   STANDARD 1.20E-02 4.22E-06 1.29E-09
 2.50     0.002000  00   STANDARD 1.24E-02 8.92E-06 5.11E-09
 2.50     0.003000  00   STANDARD 1.21E-02 1.30E-05 7.38E-10
 2.50     0.006000  00   STANDARD 1.52E-02 2.71E-05 4.15E-10
 2.50     0.008000  00   STANDARD 1.35E-02 3.76E-05 4.28E-10
 2.50     0.010000  00   STANDARD 1.33E-02 4.74E-05 2.49E-10
 2.50     0.014000  00   STANDARD 1.02E-02 6.66E-05 1.99E-10
 2.50     0.020000  00   STANDARD 1.06E-02 9.78E-05 2.10E-10
 3.00     0.000100  00   STANDARD 1.18E-02 4.64E-05 4.67E-08
 3.00     0.000300  00   STANDARD 7.30E-03 1.11E-05 2.50E-09
 3.00     0.001000  00   STANDARD 7.32E-03 1.34E-05 1.22E-09
 3.00     0.002000  00   STANDARD 7.05E-03 1.48E-05 2.30E-08
 3.00     0.003000  00   STANDARD 5.67E-03 1.76E-05 4.76E-10
 3.00     0.006000  00   STANDARD 7.26E-03 3.51E-05 5.30E-10
 3.00     0.008000  00   STANDARD 8.70E-03 4.84E-05 5.98E-10
 3.00     0.010000  00   STANDARD 9.31E-03 6.01E-05 8.90E-10
 3.00     0.014000  00   STANDARD 9.60E-03 8.39E-05 7.25E-10
 3.00     0.020000  00   STANDARD 1.05E-02 1.21E-04 9.85E-10
 4.00     0.000100  00   STANDARD 1.39E-02 5.36E-05 3.17E-08
 4.00     0.000300  00   STANDARD 8.44E-03 2.16E-05 1.95E-09
 4.00     0.001000  00   STANDARD 5.45E-03 1.71E-05 8.96E-08
 4.00     0.002000  00   STANDARD 5.37E-03 2.29E-05 9.83E-08
 4.00     0.003000  00   STANDARD 3.39E-03 2.81E-05 1.12E-07
 4.00     0.006000  00   STANDARD 2.30E-03 9.66E-05 8.73E-08
 4.00     0.008000  00   STANDARD 3.42E-04 7.16E-05 7.95E-08
 4.00     0.010000  00   STANDARD -2.00E-04 8.97E-05 7.23E-08
 4.00     0.014000  00   STANDARD -1.32E-03 1.26E-04 6.69E-08
 4.00     0.020000  00   STANDARD -1.82E-03 1.86E-04 3.78E-08
 5.00     0.000100  00   STANDARD 1.46E-02 3.64E-04 5.40E-09
 5.00     0.000300  00   STANDARD 8.77E-03 6.55E-05 1.15E-09
 5.00     0.001000  00   STANDARD 6.38E-03 4.25E-05 4.90E-10
 5.00     0.002000  00   STANDARD 5.37E-03 4.26E-05 6.38E-08
 5.00     0.003000  00   STANDARD 3.17E-03 3.79E-05 9.82E-08
 5.00     0.006000  00   STANDARD 5.62E-04 6.66E-05 9.01E-08
 5.00     0.008000  00   STANDARD 5.07E-05 9.09E-05 9.20E-08
 5.00     0.010000  00   STANDARD -1.13E-03 1.13E-04 8.36E-08
 5.00     0.014000  00   STANDARD -2.84E-03 1.62E-04 6.02E-08
 5.00     0.020000  00   STANDARD -5.01E-03 2.37E-04 4.31E-08
 6.00     0.000100  00   STANDARD 3.75E-03 2.44E-04 6.40E-09
 6.00     0.000300  00   STANDARD 4.66E-03 1.90E-04 5.06E-10
 6.00     0.001000  00   STANDARD 4.40E-03 2.04E-04 4.01E-10
 6.00     0.002000  00   STANDARD 2.79E-03 1.02E-04 1.74E-08
 6.00     0.003000  00   STANDARD 1.46E-03 7.86E-05 2.22E-08
 6.00     0.006000  00   STANDARD -1.10E-04 7.90E-05 5.30E-08
 6.00     0.008000  00   STANDARD -7.50E-04 1.02E-04 7.01E-08
 6.00     0.010000  00   STANDARD -1.60E-03 1.30E-04 8.27E-08
 6.00     0.014000  00   STANDARD -3.93E-03 1.86E-04 5.63E-08
 6.00     0.020000  00   STANDARD -6.71E-03 2.73E-04 4.07E-08
